1	250	500
2	83.3333	250
3	41.6667	166.667
4	25	125
5	16.6667	100
6	11.9048	83.3333
7	8.92857	71.4286
8	6.94444	62.5
9	5.55556	55.5556
10	4.54545	50
11	3.78788	45.4545
12	3.20513	41.6667
13	2.74725	38.4615
14	2.38095	35.7143
15	2.08333	33.3333
16	1.83824	31.25
17	1.63399	29.4118
18	1.46199	27.7778
19	1.31579	26.3158
20	1.19048	25
21	1.08225	23.8095
22	0.988142	22.7273
23	0.905797	21.7391
24	0.833333	20.8333
25	0.769231	20
26	0.712251	19.2308
27	0.661376	18.5185
28	0.615764	17.8571
29	0.574713	17.2414
30	0.537634	16.6667
31	0.504032	16.129
32	0.473485	15.625
33	0.445633	15.1515
34	0.420168	14.7059
35	0.396825	14.2857
36	0.375375	13.8889
37	0.355619	13.5135
38	0.337382	13.1579
39	0.320513	12.8205
40	0.304878	12.5
41	0.29036	12.1951
42	0.276855	11.9048
43	0.264271	11.6279
44	0.252525	11.3636
45	0.241546	11.1111
46	0.231267	10.8696
47	0.221631	10.6383
48	0.212585	10.4167
49	0.204082	10.2041
50	0.196078	10
51	0.188537	9.80392
52	0.181422	9.61538
53	0.174703	9.43396
54	0.16835	9.25926
55	0.162338	9.09091
56	0.156642	8.92857
57	0.15124	8.77193
58	0.146113	8.62069
59	0.141243	8.47458
60	0.136612	8.33333
61	0.132205	8.19672
62	0.128008	8.06452
63	0.124008	7.93651
64	0.120192	7.8125
65	0.11655	7.69231
66	0.113071	7.57576
67	0.109745	7.46269
68	0.106564	7.35294
69	0.10352	7.24638
70	0.100604	7.14286
71	0.0978091	7.04225
72	0.0951294	6.94444
73	0.0925583	6.84932
74	0.0900901	6.75676
75	0.0877193	6.66667
76	0.0854409	6.57895
77	0.0832501	6.49351
78	0.0811425	6.41026
79	0.0791139	6.32911
80	0.0771605	6.25
81	0.0752785	6.17284
82	0.0734646	6.09756
83	0.0717154	6.0241
84	0.070028	5.95238
85	0.0683995	5.88235
86	0.0668271	5.81395
87	0.0653083	5.74713
88	0.0638407	5.68182
89	0.062422	5.61798
90	0.0610501	5.55556
91	0.0597229	5.49451
92	0.0584385	5.43478
93	0.0571951	5.37634
94	0.055991	5.31915
95	0.0548246	5.26316
96	0.0536942	5.20833
97	0.0525984	5.15464
98	0.0515358	5.10204
99	0.0505051	5.05051
100	0.049505	5
101	0.0485343	4.9505
102	0.0475919	4.90196
103	0.0466766	4.85437
104	0.0457875	4.80769
105	0.0449236	4.7619
106	0.0440839	4.71698
107	0.0432676	4.6729
108	0.0424737	4.62963
109	0.0417014	4.58716
110	0.04095	4.54545
111	0.0402188	4.5045
112	0.039507	4.46429
113	0.0388138	4.42478
114	0.0381388	4.38596
115	0.0374813	4.34783
116	0.0368406	4.31034
117	0.0362161	4.2735
118	0.0356075	4.23729
119	0.035014	4.20168
120	0.0344353	4.16667
121	0.0338707	4.13223
122	0.03332	4.09836
123	0.0327826	4.06504
124	0.0322581	4.03226
125	0.031746	4
126	0.0312461	3.96825
127	0.0307579	3.93701
128	0.030281	3.90625
129	0.0298151	3.87597
130	0.02936	3.84615
131	0.0289151	3.81679
132	0.0284803	3.78788
133	0.0280552	3.7594
134	0.0276396	3.73134
135	0.0272331	3.7037
136	0.0268356	3.67647
137	0.0264466	3.64964
138	0.0260661	3.62319
139	0.0256937	3.59712
140	0.0253293	3.57143
141	0.0249725	3.5461
142	0.0246233	3.52113
143	0.0242813	3.4965
144	0.0239464	3.47222
145	0.0236183	3.44828
146	0.023297	3.42466
147	0.0229822	3.40136
148	0.0226737	3.37838
149	0.0223714	3.3557
150	0.0220751	3.33333
151	0.0217846	3.31126
152	0.0214998	3.28947
153	0.0212206	3.26797
154	0.0209468	3.24675
155	0.0206782	3.22581
156	0.0204148	3.20513
157	0.0201564	3.18471
158	0.0199029	3.16456
159	0.0196541	3.14465
160	0.0194099	3.125
161	0.0191703	3.10559
162	0.0189351	3.08642
163	0.0187042	3.06748
164	0.0184775	3.04878
165	0.0182548	3.0303
166	0.0180362	3.01205
167	0.0178215	2.99401
168	0.0176106	2.97619
169	0.0174034	2.95858
170	0.0171999	2.94118
171	0.0169999	2.92398
172	0.0168033	2.90698
173	0.0166102	2.89017
174	0.0164204	2.87356
175	0.0162338	2.85714
176	0.0160503	2.84091
177	0.01587	2.82486
178	0.0156927	2.80899
179	0.0155183	2.7933
180	0.0153468	2.77778
181	0.0151782	2.76243
182	0.0150123	2.74725
183	0.0148491	2.73224
184	0.0146886	2.71739
185	0.0145307	2.7027
186	0.0143753	2.68817
187	0.0142223	2.6738
188	0.0140718	2.65957
189	0.0139237	2.6455
190	0.0137779	2.63158
191	0.0136344	2.6178
192	0.0134931	2.60417
193	0.013354	2.59067
194	0.013217	2.57732
195	0.0130822	2.5641
196	0.0129493	2.55102
197	0.0128185	2.53807
198	0.0126897	2.52525
199	0.0125628	2.51256
200	0.0124378	2.5
201	0.0123147	2.48756
202	0.0121933	2.47525
203	0.0120738	2.46305
204	0.011956	2.45098
205	0.0118399	2.43902
206	0.0117255	2.42718
207	0.0116128	2.41546
208	0.0115017	2.40385
209	0.0113921	2.39234
210	0.0112841	2.38095
211	0.0111777	2.36967
212	0.0110727	2.35849
213	0.0109692	2.34742
214	0.0108672	2.33645
215	0.0107666	2.32558
216	0.0106673	2.31481
217	0.0105695	2.30415
218	0.010473	2.29358
219	0.0103778	2.28311
220	0.0102838	2.27273
221	0.0101912	2.26244
222	0.0100998	2.25225
223	0.0100096	2.24215
224	0.00992063	2.23214
225	0.00983284	2.22222
226	0.00974621	2.21239
227	0.00966072	2.20264
228	0.00957634	2.19298
229	0.00949307	2.18341
230	0.00941088	2.17391
231	0.00932975	2.1645
232	0.00924967	2.15517
233	0.00917061	2.14592
234	0.00909256	2.13675
235	0.00901551	2.12766
236	0.00893943	2.11864
237	0.00886431	2.1097
238	0.00879013	2.10084
239	0.00871688	2.09205
240	0.00864454	2.08333
241	0.00857309	2.07469
242	0.00850253	2.06612
243	0.00843284	2.05761
244	0.008364	2.04918
245	0.008296	2.04082
246	0.00822883	2.03252
247	0.00816247	2.02429
248	0.0080969	2.01613
249	0.00803213	2.00803
250	0.00796813	2
251	0.00790489	1.99203
252	0.0078424	1.98413
253	0.00778065	1.97628
254	0.00771962	1.9685
255	0.00765931	1.96078
256	0.00759971	1.95312
257	0.0075408	1.94553
258	0.00748257	1.93798
259	0.00742501	1.9305
260	0.00736811	1.92308
261	0.00731187	1.91571
262	0.00725246	1.9084
263	0.0072013	1.90114
264	0.00714696	1.89394
265	0.00709322	1.8868
266	0.00704009	1.8797
267	0.00698755	1.87266
268	0.0069356	1.86568
269	0.00688422	1.85874
270	0.00683342	1.85186
271	0.00678317	1.84502
272	0.00673348	1.83824
273	0.00668068	1.83151
274	0.00663573	1.82482
275	0.00658764	1.81819
276	0.00654008	1.8116
277	0.00649303	1.80506
278	0.0064429	1.79857
279	0.00640045	1.79213
280	0.00635489	1.78573
281	0.00630982	1.77937
282	0.0062617	1.77306
283	0.00622112	1.7668
284	0.00617746	1.76058
285	0.00613077	1.7544
286	0.00609153	1.74827
287	0.00604576	1.74218
288	0.00600738	1.73613
289	0.0059625	1.73012
290	0.00592496	1.72416
291	0.00588095	1.71824
292	0.00584081	1.71236
293	0.00580447	1.70652
294	0.00576173	1.70071
295	0.0057228	1.69495
296	0.00568426	1.68923
297	0.00564611	1.68354
298	0.00560835	1.6779
299	0.00557096	1.67229
300	0.00553394	1.66672
301	0.00549729	1.66118
302	0.00545771	1.65569
303	0.00542509	1.65023
304	0.00538952	1.6448
305	0.00535102	1.63941
306	0.00531616	1.63406
307	0.00528489	1.62875
308	0.00524745	1.62346
309	0.00521359	1.61821
310	0.00518006	1.613
311	0.00514365	1.60782
312	0.00511398	1.60268
313	0.00508141	1.59756
314	0.00504597	1.59248
315	0.00501403	1.58743
316	0.0049824	1.58242
317	0.00495106	1.57744
318	0.00492002	1.57249
319	0.00488927	1.56757
320	0.0048557	1.56268
321	0.00482554	1.55782
322	0.00479566	1.553
323	0.00476605	1.5482
324	0.00473672	1.54344
325	0.0047046	1.5387
326	0.00467582	1.53399
327	0.00464731	1.52932
328	0.00461906	1.52467
329	0.00458804	1.52005
330	0.00456031	1.51546
331	0.00453284	1.5109
332	0.00450562	1.50637
333	0.00447564	1.50186
334	0.00444892	1.49739
335	0.00442244	1.49294
336	0.00439323	1.48852
337	0.00436723	1.48412
338	0.00434147	1.47976
339	0.00431299	1.47542
340	0.00428769	1.4711
341	0.00425969	1.46682
342	0.00423777	1.46256
343	0.00420732	1.45832
344	0.00418293	1.45411
345	0.00415875	1.44993
346	0.00413478	1.44577
347	0.00410814	1.44163
348	0.00408174	1.43753
349	0.00405841	1.43344
350	0.00403529	1.42939
351	0.00400668	1.42535
352	0.00398681	1.42134
353	0.00396146	1.41736
354	0.00393633	1.4134
355	0.00391421	1.40946
356	0.00388948	1.40554
357	0.00386496	1.40166
358	0.00384343	1.39779
359	0.0038193	1.39395
360	0.00379814	1.39013
361	0.00377439	1.38633
362	0.00375084	1.38256
363	0.00373023	1.3788
364	0.00370431	1.37507
365	0.00368407	1.37137
366	0.00366399	1.36769
367	0.00363865	1.36402
368	0.00361892	1.36038
369	0.00359666	1.35676
370	0.00357458	1.35317
371	0.00355267	1.34959
372	0.00353094	1.34604
373	0.00350938	1.34251
374	0.00349067	1.339
375	0.00346944	1.33551
376	0.00344573	1.33204
377	0.0034275	1.32859
378	0.00340677	1.32517
379	0.00338358	1.32176
380	0.00336582	1.31838
381	0.00334558	1.31501
382	0.00332288	1.31166
383	0.00330558	1.30834
384	0.00328321	1.30504
385	0.00326361	1.30175
386	0.00324416	1.29849
387	0.00322486	1.29525
388	0.00320571	1.29202
389	0.0031867	1.28881
390	0.00316529	1.28563
391	0.00314659	1.28246
392	0.00312803	1.27932
393	0.00310708	1.27619
394	0.00309134	1.27308
395	0.00307068	1.26999
396	0.00305017	1.26692
397	0.00303233	1.26387
398	0.00301463	1.26084
399	0.00299706	1.25782
400	0.00297463	1.25482
401	0.00295983	1.25185
402	0.00294018	1.24889
403	0.00292314	1.24595
404	0.00290377	1.24303
405	0.00288454	1.24012
406	0.00286791	1.23724
407	0.00284895	1.23437
408	0.00283257	1.23152
409	0.00281388	1.22869
410	0.00279775	1.22588
411	0.00277689	1.22308
412	0.00276344	1.2203
413	0.00274284	1.21754
414	0.00272722	1.21479
415	0.0027093	1.21207
416	0.00269151	1.20936
417	0.00267384	1.20667
418	0.00265869	1.20399
419	0.00263889	1.20133
420	0.00262398	1.1987
421	0.0026068	1.19607
422	0.00259211	1.19346
423	0.00257281	1.19087
424	0.002556	1.1883
425	0.0025393	1.18574
426	0.00252507	1.1832
427	0.00250626	1.18068
428	0.00249224	1.17817
429	0.00247368	1.17568
430	0.00245756	1.17321
431	0.00244155	1.17075
432	0.00242796	1.16831
433	0.00240986	1.16588
434	0.00239418	1.16347
435	0.00237632	1.16108
436	0.00236316	1.1587
437	0.00234552	1.15634
438	0.00233255	1.15399
439	0.00231513	1.15166
440	0.00229783	1.14934
441	0.00228517	1.14705
442	0.00226808	1.14476
443	0.00225336	1.14249
444	0.00223874	1.14024
445	0.00222197	1.138
446	0.00220756	1.13578
447	0.00219324	1.13357
448	0.00217679	1.13138
449	0.00216267	1.1292
450	0.00214864	1.12704
451	0.0021325	1.12489
452	0.00211646	1.12276
453	0.00210273	1.12064
454	0.00208909	1.11854
455	0.00207335	1.11645
456	0.0020599	1.11437
457	0.00204436	1.11232
458	0.00203109	1.11027
459	0.00201574	1.10824
460	0.00200265	1.10622
461	0.00198749	1.10422
462	0.00197243	1.10223
463	0.00195961	1.10026
464	0.00194689	1.0983
465	0.00192995	1.09635
466	0.0019174	1.09442
467	0.00190279	1.09251
468	0.00189042	1.0906
469	0.00187599	1.08871
470	0.00186378	1.08684
471	0.0018474	1.08497
472	0.00183536	1.08313
473	0.00182129	1.08129
474	0.00180941	1.07947
475	0.00179551	1.07766
476	0.00178169	1.07587
477	0.00176796	1.07408
478	0.00175431	1.07232
479	0.00174284	1.07056
480	0.00172935	1.06882
481	0.00171595	1.06709
482	0.00170264	1.06537
483	0.00169147	1.06367
484	0.00167831	1.06198
485	0.00166317	1.0603
486	0.00165223	1.05864
487	0.00163931	1.05699
488	0.00162852	1.05535
489	0.00161371	1.05372
490	0.00160306	1.0521
491	0.00158842	1.0505
492	0.00157792	1.04891
493	0.00156545	1.04733
494	0.00155307	1.04577
495	0.00154076	1.04422
496	0.00152852	1.04268
497	0.00151837	1.04115
498	0.00150427	1.03963
499	0.00149225	1.03812
500	0.0014823	1.03663
501	0.00146843	1.03515
502	0.00145861	1.03368
503	0.00144687	1.03222
504	0.00143322	1.03078
505	0.0014236	1.02934
506	0.00141207	1.02792
507	0.0014006	1.02651
508	0.00138921	1.02511
509	0.00137788	1.02372
510	0.00136661	1.02234
511	0.00135542	1.02097
512	0.00134428	1.01962
513	0.00133322	1.01827
514	0.00132221	1.01694
515	0.00131127	1.01562
516	0.0013004	1.01431
517	0.00128959	1.01301
518	0.00127884	1.01172
519	0.00127007	1.01044
520	0.00125752	1.00917
521	0.00124695	1.00791
522	0.00123645	1.00666
523	0.00122791	1.00543
524	0.00121562	1.0042
525	0.00120339	1.00298
526	0.00119503	1.00178
527	0.00118671	1.00058
528	0.00117466	0.999398
529	0.00116646	0.998223
530	0.00115453	0.997057
531	0.00114643	0.995902
532	0.00113463	0.994756
533	0.00112663	0.993621
534	0.00111494	0.992494
535	0.00110705	0.991379
536	0.00109734	0.990272
537	0.00108769	0.989175
538	0.00107623	0.988087
539	0.00106854	0.987011
540	0.00105904	0.985943
541	0.0010496	0.984884
542	0.00104021	0.983834
543	0.00103087	0.982794
544	0.00102158	0.981763
545	0.00101418	0.980741
546	0.00100133	0.979727
547	0.000994025	0.978726
548	0.000986761	0.977732
549	0.000977718	0.976745
550	0.00096691	0.975767
551	0.000959783	0.9748
552	0.000950887	0.973841
553	0.000942039	0.97289
554	0.000933239	0.971948
555	0.000926285	0.971014
556	0.000913982	0.970088
557	0.000908914	0.969174
558	0.000900296	0.968265
559	0.000891723	0.967365
560	0.000883196	0.966473
561	0.000874715	0.96559
562	0.000868056	0.964715
563	0.000857885	0.963847
564	0.000849539	0.962989
565	0.000843003	0.96214
566	0.000834739	0.961297
567	0.000828278	0.960462
568	0.000820095	0.959634
569	0.000811954	0.958814
570	0.000802105	0.958002
571	0.000795804	0.9572
572	0.000789536	0.956404
573	0.000781558	0.955614
574	0.000771883	0.954833
575	0.000767467	0.954061
576	0.000759607	0.953293
577	0.000751789	0.952534
578	0.00074401	0.951782
579	0.000737997	0.951038
580	0.000730293	0.9503
581	0.000722628	0.94957
582	0.000715004	0.948847
583	0.00070913	0.948132
584	0.000703287	0.947423
585	0.000694061	0.94672
586	0.000688289	0.946026
587	0.000682546	0.945337
588	0.000673438	0.944655
589	0.00066946	0.943981
590	0.000660426	0.943312
591	0.000656506	0.942651
592	0.000649233	0.941995
593	0.000640313	0.941346
594	0.00063648	0.940705
595	0.000627632	0.940069
596	0.00062553	0.939441
597	0.000615076	0.938816
598	0.000611353	0.938201
599	0.000602649	0.937589
600	0.000598979	0.936987
601	0.000592006	0.936388
602	0.000585067	0.935796
603	0.000581475	0.935211
604	0.000574594	0.934629
605	0.000566097	0.934055
606	0.000564231	0.933488
607	0.000555796	0.932924
608	0.000550687	0.932368
609	0.000547242	0.931818
610	0.000538904	0.93127
611	0.000533875	0.930732
612	0.000527239	0.930198
613	0.000522265	0.92967
614	0.000517314	0.929148
615	0.000514011	0.928631
616	0.000507483	0.928117
617	0.000500986	0.927609
618	0.000496136	0.927108
619	0.000489697	0.926612
620	0.00048651	0.926123
621	0.000480122	0.925636
622	0.000475371	0.925156
623	0.000469039	0.924681
624	0.000465938	0.924212
625	0.000461255	0.923746
626	0.000454999	0.923284
627	0.000451958	0.922829
628	0.000444161	0.922377
629	0.000441164	0.921933
630	0.000436596	0.921492
631	0.000430468	0.921055
632	0.000427528	0.920625
633	0.000421447	0.920197
634	0.000418545	0.919776
635	0.000412512	0.919357
636	0.000409647	0.918945
637	0.00040366	0.918535
638	0.000399267	0.918132
639	0.000396457	0.917732
640	0.00038898	0.917336
641	0.00038621	0.916947
642	0.000383454	0.916561
643	0.000377604	0.916177
644	0.000373333	0.9158
645	0.000370629	0.915426
646	0.000364847	0.915056
647	0.000362177	0.914691
648	0.00035798	0.914329
649	0.000353801	0.913971
650	0.000348106	0.913617
651	0.000345504	0.913269
652	0.000342915	0.912923
653	0.00033575	0.91258
654	0.000336251	0.912245
655	0.000329129	0.911908
656	0.000325083	0.911579
657	0.000324095	0.911254
658	0.000318559	0.91093
659	0.000316078	0.910612
660	0.000310583	0.910295
661	0.000308134	0.909985
662	0.000305696	0.909677
663	0.000300258	0.909371
664	0.000297851	0.909071
665	0.000295455	0.908773
666	0.000288572	0.908477
667	0.000289205	0.908189
668	0.000283856	0.9079
669	0.000280024	0.907616
670	0.000277699	0.907336
671	0.000275384	0.907058
672	0.000270108	0.906783
673	0.000267823	0.906513
674	0.000265548	0.906245
675	0.000261804	0.905979
676	0.000258076	0.905717
677	0.00025584	0.905459
678	0.000252141	0.905204
679	0.000249929	0.904951
680	0.000244789	0.904701
681	0.000245538	0.904457
682	0.000240426	0.904211
683	0.000236799	0.903971
684	0.000234648	0.903734
685	0.000233964	0.903499
686	0.00022746	0.903265
687	0.000226799	0.903038
688	0.000224689	0.902811
689	0.00021969	0.902586
690	0.000219055	0.902367
691	0.000215531	0.902148
692	0.000214909	0.901932
693	0.000209967	0.901717
694	0.000207924	0.901507
695	0.00020589	0.901299
696	0.00020243	0.901093
697	0.000200417	0.900891
698	0.000198413	0.900691
699	0.000194989	0.900492
700	0.000193006	0.900297
701	0.000192456	0.900104
702	0.000187641	0.899912
703	0.000185688	0.899724
704	0.000183742	0.899538
705	0.000181805	0.899355
706	0.000178462	0.899173
707	0.000177958	0.898994
708	0.000174635	0.898816
709	0.000172735	0.898642
710	0.000170842	0.898469
711	0.000168958	0.898298
712	0.000165679	0.898129
713	0.000163814	0.897964
714	0.000161958	0.8978
715	0.000160109	0.897638
716	0.000158267	0.897478
717	0.000156434	0.897319
718	0.000154608	0.897163
719	0.000150012	0.897008
720	0.000150982	0.896858
721	0.000149179	0.896707
722	0.000146	0.896558
723	0.000144216	0.896412
724	0.000142439	0.896268
725	0.000140669	0.896126
726	0.000138906	0.895985
727	0.000137151	0.895846
728	0.000134031	0.895709
729	0.000135034	0.895575
730	0.000131928	0.89544
731	0.000128836	0.895308
732	0.000129849	0.895179
733	0.00012677	0.895049
734	0.000123704	0.894922
735	0.000124726	0.894799
736	0.000121674	0.894674
737	0.000121344	0.894552
738	0.00011831	0.894431
739	0.00011799	0.894313
740	0.000114972	0.894195
741	0.000114663	0.89408
742	0.000111662	0.893965
743	0.000111362	0.893853
744	0.000109721	0.893742
745	0.000108086	0.893632
746	0.000106458	0.893524
747	0.000104836	0.893418
748	0.000103221	0.893313
749	0.000102946	0.89321
750	0.00010134	0.893107
751	0.000101071	0.893005
752	9.81464e-05	0.892904
753	9.65598e-05	0.892806
754	9.6304e-05	0.89271
755	9.47265e-05	0.892613
756	9.31552e-05	0.892519
757	9.15902e-05	0.892425
758	9.13488e-05	0.892334
759	8.84769e-05	0.892242
760	8.82443e-05	0.892154
761	8.80127e-05	0.892066
762	8.51608e-05	0.891978
763	8.62468e-05	0.891893
764	8.34069e-05	0.891806
765	8.18836e-05	0.891723
766	8.16701e-05	0.891641
767	8.01554e-05	0.891559
768	7.73461e-05	0.891479
769	7.84439e-05	0.891402
770	7.69434e-05	0.891323
771	7.67441e-05	0.891246
772	7.52519e-05	0.89117
773	7.24734e-05	0.891094
774	7.48671e-05	0.891022
775	7.08081e-05	0.890947
776	7.06259e-05	0.890876
777	6.91589e-05	0.890806
778	6.89814e-05	0.890737
779	6.88045e-05	0.890668
780	6.60675e-05	0.890599
781	6.58985e-05	0.890533
782	6.57302e-05	0.890467
783	6.30115e-05	0.890401
784	6.2851e-05	0.890338
785	6.2691e-05	0.890275
786	6.12611e-05	0.890212
787	5.98366e-05	0.890151
788	5.96849e-05	0.890091
789	5.95338e-05	0.890032
790	5.8119e-05	0.889972
791	5.67096e-05	0.889914
792	5.53056e-05	0.889857
793	5.64257e-05	0.889802
794	5.50259e-05	0.889746
795	5.23751e-05	0.889691
796	5.34984e-05	0.889638
797	5.33643e-05	0.889585
798	5.19791e-05	0.889531
799	5.18492e-05	0.889479
800	4.79744e-05	0.889428
801	5.03485e-05	0.88938
802	4.89778e-05	0.889329
803	4.76122e-05	0.88928
804	4.74939e-05	0.889233
805	4.7376e-05	0.889185
806	4.47803e-05	0.889138
807	4.71447e-05	0.889093
808	4.33199e-05	0.889046
809	4.56821e-05	0.889002
810	4.18703e-05	0.888957
811	4.29987e-05	0.888915
812	4.16629e-05	0.888872
813	4.15605e-05	0.88883
814	4.14585e-05	0.888789
815	4.01314e-05	0.888747
816	4.00332e-05	0.888707
817	3.87128e-05	0.888667
818	3.86183e-05	0.888628
819	3.73046e-05	0.88859
820	3.72137e-05	0.888552
821	3.71231e-05	0.888515
822	3.58179e-05	0.888478
823	3.57309e-05	0.888442
824	3.56443e-05	0.888407
825	3.5558e-05	0.888371
826	3.30536e-05	0.888335
827	3.29738e-05	0.888302
828	3.41005e-05	0.888269
829	3.28135e-05	0.888235
830	3.15312e-05	0.888202
831	3.26573e-05	0.888171
832	3.01779e-05	0.888138
833	3.13046e-05	0.888108
834	3.12296e-05	0.888077
835	2.75664e-05	0.888046
836	2.989e-05	0.888018
837	2.86254e-05	0.887988
838	2.85571e-05	0.887959
839	2.72987e-05	0.887931
840	2.96119e-05	0.887904
841	2.59786e-05	0.887874
842	2.71032e-05	0.887848
843	2.58541e-05	0.887821
844	2.69764e-05	0.887795
845	2.57306e-05	0.887768
846	2.44892e-05	0.887742
847	2.44314e-05	0.887718
848	2.3196e-05	0.887693
849	2.54944e-05	0.88767
850	2.30843e-05	0.887645
851	2.30301e-05	0.887622
852	2.41484e-05	0.887599
853	2.17499e-05	0.887574
854	2.28686e-05	0.887553
855	2.04788e-05	0.88753
856	2.15978e-05	0.887509
857	2.15475e-05	0.887488
858	2.03332e-05	0.887466
859	2.14487e-05	0.887446
860	1.9076e-05	0.887424
861	2.13519e-05	0.887405
862	1.89849e-05	0.887384
863	1.77836e-05	0.887365
864	2.00546e-05	0.887347
865	1.88535e-05	0.887327
866	1.88101e-05	0.887308
867	1.87667e-05	0.88729
868	1.6422e-05	0.887271
869	1.75337e-05	0.887254
870	1.74934e-05	0.887237
871	1.63065e-05	0.887219
872	1.62692e-05	0.887203
873	1.73761e-05	0.887187
874	1.50507e-05	0.887169
875	1.61579e-05	0.887154
876	1.6121e-05	0.887138
877	1.49453e-05	0.887122
878	1.49113e-05	0.887107
879	1.60138e-05	0.887092
880	1.37073e-05	0.887076
881	1.481e-05	0.887062
882	1.3644e-05	0.887048
883	1.47443e-05	0.887034
884	1.35811e-05	0.887019
885	1.35504e-05	0.887006
886	1.23924e-05	0.886992
887	1.34907e-05	0.88698
888	1.34603e-05	0.886966
889	1.23065e-05	0.886953
890	1.22788e-05	0.88694
891	1.22513e-05	0.886928
892	1.22239e-05	0.886916
893	1.1078e-05	0.886904
894	1.21705e-05	0.886893
895	1.10273e-05	0.88688
896	1.10027e-05	0.886869
897	1.20918e-05	0.886858
898	9.84018e-06	0.886846
899	1.09294e-05	0.886836
900	1.09052e-05	0.886826
901	1.0881e-05	0.886815
902	9.74947e-06	0.886804
903	1.08341e-05	0.886794
904	8.60021e-06	0.886783
905	1.07887e-05	0.886775
906	9.6624e-06	0.886764
907	8.5398e-06	0.886754
908	9.62112e-06	0.886746
909	8.50107e-06	0.886736
910	8.48241e-06	0.886727
911	9.5603e-06	0.886719
912	8.44406e-06	0.886709
913	8.42559e-06	0.886701
914	9.50007e-06	0.886693
915	6.20421e-06	0.886683
916	1.05527e-05	0.886677
917	6.17244e-06	0.886666
918	7.24715e-06	0.88666
919	8.31835e-06	0.886653
920	7.21451e-06	0.886645
921	8.28346e-06	0.886637
922	7.18209e-06	0.886629
923	7.16654e-06	0.886622
924	6.06997e-06	0.886615
925	7.13677e-06	0.886609
926	7.12137e-06	0.886602
927	6.02844e-06	0.886594
928	7.09189e-06	0.886588
929	7.07663e-06	0.886581
930	5.98732e-06	0.886574
931	4.90151e-06	0.886568
932	7.03462e-06	0.886563
933	5.9489e-06	0.886556
934	5.93617e-06	0.88655
935	4.85511e-06	0.886544
936	8.04646e-06	0.88654
937	3.76491e-06	0.886531
938	5.88681e-06	0.886528
939	4.81046e-06	0.886522
940	5.86293e-06	0.886517
941	5.85049e-06	0.886511
942	4.77763e-06	0.886505
943	4.76751e-06	0.886501
944	4.75742e-06	0.886496
945	4.74736e-06	0.886491
946	5.7933e-06	0.886486
947	3.67138e-06	0.88648
948	4.71738e-06	0.886477
949	4.70745e-06	0.886472
950	4.69755e-06	0.886467
951	4.68768e-06	0.886463
952	3.62852e-06	0.886458
953	4.66913e-06	0.886454
954	3.61224e-06	0.88645
955	4.6507e-06	0.886446
956	3.59605e-06	0.886441
957	3.58855e-06	0.886438
958	5.66657e-06	0.886434
959	3.57143e-06	0.886429
960	2.52341e-06	0.886425
961	3.55767e-06	0.886422
962	3.55028e-06	0.886419
963	4.58026e-06	0.886415
964	2.49823e-06	0.886411
965	3.52825e-06	0.886408
966	3.52095e-06	0.886405
967	4.54674e-06	0.886401
968	1.44138e-06	0.886397
969	4.53119e-06	0.886395
970	1.43226e-06	0.886391
971	4.51573e-06	0.886389
972	3.4787e-06	0.886385
973	1.41817e-06	0.886381
974	3.46654e-06	0.88638
975	2.43485e-06	0.886376
976	3.4534e-06	0.886374
977	2.42385e-06	0.886371
978	2.41889e-06	0.886368
979	2.41396e-06	0.886366
980	3.42841e-06	0.886363
981	3.42142e-06	0.88636
982	1.37987e-06	0.886356
983	1.37707e-06	0.886355
984	2.3895e-06	0.886354
985	4.41305e-06	0.886351
986	1.3646e-06	0.886347
987	2.37398e-06	0.886345
988	2.36918e-06	0.886343
989	2.36439e-06	0.886341
990	1.35054e-06	0.886338
991	2.35588e-06	0.886337
992	2.35114e-06	0.886335
993	1.34037e-06	0.886332
994	2.3427e-06	0.886331
995	2.338e-06	0.886329
996	2.33331e-06	0.886326
997	1.32663e-06	0.886324
998	2.32497e-06	0.886323
999	1.32032e-06	0.88632
1000	1.31768e-06	0.886319
1001	2.31306e-06	0.886318
1002	2.30844e-06	0.886315
1003	3.11814e-07	0.886313
1004	3.29627e-06	0.886313
1005	2.29568e-06	0.886309
1006	3.05022e-07	0.886307
1007	2.28854e-06	0.886307
1008	1.29293e-06	0.886305
1009	1.29037e-06	0.886303
1010	1.28781e-06	0.886302
1011	1.28527e-06	0.886301
1012	2.2699e-06	0.886299
1013	2.93035e-07	0.886297
1014	2.2629e-06	0.886297
1015	1.27419e-06	0.886295
1016	1.27169e-06	0.886293
1017	1.26919e-06	0.886292
1018	1.2667e-06	0.886291
1019	1.26422e-06	0.886289
1020	1.26174e-06	0.886288
1021	1.25927e-06	0.886287
1022	2.79291e-07	0.886286
1023	2.23187e-06	0.886285
1024	1.25191e-06	0.886283
1025	2.74806e-07	0.886282
1026	2.22169e-06	0.886282
1027	1.24461e-06	0.886279
1028	2.70369e-07	0.886278
1029	1.24072e-06	0.886278
1030	1.23831e-06	0.886277
1031	2.66919e-07	0.886275
1032	1.23446e-06	0.886275
1033	2.64951e-07	0.886274
1034	1.23062e-06	0.886274
1035	1.22825e-06	0.886272
1036	1.22588e-06	0.886271
1037	2.60125e-07	0.88627
1038	1.22209e-06	0.88627
1039	1.21974e-06	0.886269
1040	1.21739e-06	0.886267
1041	1.21506e-06	0.886266
1042	2.53955e-07	0.886265
1043	2.53469e-07	0.886265
1044	2.16686e-06	0.886264
1045	7.05353e-07	0.886262
1046	2.51104e-07	0.886263
1047	1.20482e-06	0.886263
1048	2.49238e-07	0.886261
1049	1.20114e-06	0.886261
1050	2.47383e-07	0.88626
1051	7.03657e-07	0.88626
1052	2.14668e-06	0.88626
1053	2.45076e-07	0.886258
1054	2.44611e-07	0.886258
1055	1.19112e-06	0.886258
1056	1.18886e-06	0.886257
1057	2.41437e-07	0.886255
1058	2.40981e-07	0.886255
1059	2.40526e-07	0.886255
1060	2.40073e-07	0.886255
1061	1.18124e-06	0.886254
1062	2.38284e-07	0.886253
1063	1.17769e-06	0.886253
1064	2.36507e-07	0.886252
1065	2.36063e-07	0.886252
1066	2.35621e-07	0.886251
1067	2.10784e-06	0.886251
1068	7.02466e-07	0.886249
1069	7.01153e-07	0.88625
1070	3.03498e-06	0.88625
1071	7.02022e-07	0.886247
1072	2.31253e-07	0.886248
1073	2.30822e-07	0.886248
1074	1.16063e-06	0.886248
1075	2.291e-07	0.886247
1076	2.28675e-07	0.886246
1077	2.2825e-07	0.886246
1078	1.15461e-06	0.886246
1079	6.99379e-07	0.886245
1080	1.15205e-06	0.886245
1081	6.98504e-07	0.886244
1082	1.14951e-06	0.886245
1083	2.24878e-07	0.886244
1084	1.14612e-06	0.886244
1085	2.23201e-07	0.886242
1086	6.97173e-07	0.886242
1087	1.14234e-06	0.886243
1088	2.21972e-07	0.886242
1089	2.21565e-07	0.886242
1090	1.13775e-06	0.886241
1091	1.13567e-06	0.88624
1092	1.61115e-06	0.886239
1093	2.19947e-07	0.886241
1094	2.19545e-07	0.88624
1095	2.19145e-07	0.88624
1096	1.13032e-06	0.88624
1097	6.9323e-07	0.886239
1098	2.17949e-07	0.88624
1099	1.12664e-06	0.886239
1100	2.16332e-07	0.886238
1101	6.91501e-07	0.886238
1102	2.16371e-07	0.886239
1103	2.15979e-07	0.886238
1104	1.12057e-06	0.886238
1105	6.89779e-07	0.886237
1106	1.11815e-06	0.886238
1107	2.13606e-07	0.886237
1108	2.13221e-07	0.886236
1109	2.12837e-07	0.886236
1110	2.12454e-07	0.886236
1111	1.11135e-06	0.886236
1112	2.10883e-07	0.886235
1113	2.48249e-06	0.886235
1114	1.1094e-06	0.886237
1115	2.11357e-07	0.886236
1116	2.10979e-07	0.886236
1117	2.10601e-07	0.886235
1118	2.10225e-07	0.886235
1119	2.09849e-07	0.886235
1120	1.10154e-06	0.886235
1121	6.82959e-07	0.886234
1122	6.81743e-07	0.886234
1123	1.09883e-06	0.886235
1124	2.07987e-07	0.886234
1125	1.09572e-06	0.886234
1126	6.8085e-07	0.886233
1127	1.09341e-06	0.886233
1128	1.56575e-06	0.886232
1129	2.06934e-07	0.886234
1130	2.06568e-07	0.886234
1131	6.77189e-07	0.886233
1132	1.97184e-06	0.886234
1133	6.77137e-07	0.886232
1134	1.08617e-06	0.886233
1135	6.76305e-07	0.886232
1136	1.0839e-06	0.886232
1137	2.03261e-07	0.886231
1138	6.7506e-07	0.886231
1139	2.03318e-07	0.886232
1140	6.73463e-07	0.886232
1141	2.03373e-07	0.886232
1142	2.03018e-07	0.886232
1143	2.02663e-07	0.886232
1144	2.02309e-07	0.886232
1145	2.01956e-07	0.886231
1146	1.07344e-06	0.886231
1147	6.70587e-07	0.88623
1148	2.00902e-07	0.886231
1149	1.53858e-06	0.886231
1150	1.93933e-06	0.886232
1151	1.99856e-07	0.88623
1152	6.67793e-07	0.88623
1153	1.99916e-07	0.886231
1154	1.99569e-07	0.886231
1155	1.99224e-07	0.88623
1156	6.65425e-07	0.88623
1157	1.99283e-07	0.886231
1158	1.98939e-07	0.886231
1159	1.06066e-06	0.88623
1160	1.52514e-06	0.886229
1161	1.05924e-06	0.886231
1162	1.97572e-07	0.88623
1163	1.97233e-07	0.88623
1164	1.51984e-06	0.886229
1165	1.98029e-07	0.886231
1166	1.05459e-06	0.886231
1167	1.96617e-07	0.88623
1168	6.59151e-07	0.886229
1169	1.90608e-06	0.88623
1170	1.51306e-06	0.886228
1171	1.96005e-07	0.88623
1172	1.95671e-07	0.88623
1173	1.95338e-07	0.886229
1174	1.04607e-06	0.886229
1175	6.5639e-07	0.886228
1176	1.94343e-07	0.886229
1177	1.50378e-06	0.886229
1178	1.0433e-06	0.88623
1179	1.94074e-07	0.886229
1180	1.93746e-07	0.886229
1181	6.52606e-07	0.886229
1182	1.93806e-07	0.886229
1183	1.03807e-06	0.886229
1184	1.92439e-07	0.886228
1185	1.92115e-07	0.886228
1186	1.49313e-06	0.886228
1187	1.03464e-06	0.886229
1188	6.49189e-07	0.886228
1189	1.03257e-06	0.886229
1190	1.48805e-06	0.886228
1191	1.92298e-07	0.886229
1192	1.91976e-07	0.886229
1193	1.02917e-06	0.886229
1194	6.46188e-07	0.886228
1195	1.91013e-07	0.886228
1196	1.90694e-07	0.886228
1197	1.90376e-07	0.886228
1198	6.4397e-07	0.886228
1199	1.90436e-07	0.886229
1200	6.4252e-07	0.886228
1201	1.02244e-06	0.886229
1202	6.41768e-07	0.886228
1203	1.02043e-06	0.886229
1204	6.41017e-07	0.886228
1205	6.39954e-07	0.886228
1206	1.01811e-06	0.886229
1207	1.01642e-06	0.886228
1208	1.46665e-06	0.886227
1209	1.88668e-07	0.886228
1210	1.88356e-07	0.886228
1211	1.88045e-07	0.886228
1212	6.36667e-07	0.886228
1213	1.01183e-06	0.886228
1214	1.87117e-07	0.886227
1215	1.45793e-06	0.886227
1216	1.00955e-06	0.886229
1217	6.34147e-07	0.886228
1218	1.00758e-06	0.886228
1219	6.33414e-07	0.886227
1220	1.00563e-06	0.886228
1221	6.32681e-07	0.886227
1222	6.31647e-07	0.886227
1223	1.86379e-07	0.886228
1224	1.0024e-06	0.886228
1225	6.30556e-07	0.886227
1226	1.85468e-07	0.886228
1227	1.4435e-06	0.886227
1228	1.81353e-06	0.886229
1229	1.44145e-06	0.886227
1230	1.81028e-06	0.886228
1231	1.43941e-06	0.886227
1232	9.96013e-07	0.886228
1233	1.84026e-07	0.886227
1234	6.25988e-07	0.886227
1235	1.84086e-07	0.886228
1236	1.83788e-07	0.886227
1237	6.24263e-07	0.886227
1238	1.83847e-07	0.886228
1239	9.90002e-07	0.886228
1240	1.429e-06	0.886227
1241	9.88762e-07	0.886228
1242	1.42635e-06	0.886227
1243	1.79138e-06	0.886228
1244	1.82079e-07	0.886227
1245	1.42335e-06	0.886227
1246	9.84707e-07	0.886228
1247	6.19435e-07	0.886227
1248	9.82838e-07	0.886228
1249	1.41873e-06	0.886227
1250	9.81615e-07	0.886228
1251	6.17397e-07	0.886227
1252	1.81673e-07	0.886228
1253	6.16065e-07	0.886227
1254	1.81729e-07	0.886228
1255	9.77618e-07	0.886228
1256	1.80518e-07	0.886227
1257	6.14682e-07	0.886227
1258	1.80576e-07	0.886227
1259	6.13362e-07	0.886227
1260	6.12389e-07	0.886228
1261	1.76576e-06	0.886228
1262	6.12332e-07	0.886227
1263	1.79776e-07	0.886227
1264	1.79492e-07	0.886227
1265	6.10681e-07	0.886227
1266	1.79549e-07	0.886227
1267	6.09378e-07	0.886227
1268	1.75565e-06	0.886228
1269	6.09321e-07	0.886226
1270	6.08362e-07	0.886227
1271	9.64921e-07	0.886227
1272	6.07686e-07	0.886226
1273	1.78197e-07	0.886227
1274	6.06396e-07	0.886227
1275	9.61952e-07	0.886227
1276	6.05725e-07	0.886226
1277	1.77695e-07	0.886227
1278	6.04443e-07	0.886227
1279	9.59001e-07	0.886228
1280	6.03776e-07	0.886227
1281	6.02834e-07	0.886227
1282	1.77529e-07	0.886228
1283	6.01564e-07	0.886228
1284	9.55792e-07	0.886228
1285	1.76701e-07	0.886227
1286	9.53427e-07	0.886227
1287	1.75549e-07	0.886226
1288	1.37631e-06	0.886226
1289	1.76208e-07	0.886227
1290	5.98659e-07	0.886227
1291	9.50256e-07	0.886228
1292	5.98004e-07	0.886227
1293	9.48515e-07	0.886227
1294	5.97352e-07	0.886226
1295	1.75175e-07	0.886227
1296	5.96105e-07	0.886227
1297	9.45646e-07	0.886227
1298	1.74367e-07	0.886227
1299	1.74098e-07	0.886226
1300	1.73831e-07	0.886226
1301	5.94485e-07	0.886226
1302	5.93573e-07	0.886227
1303	5.92663e-07	0.886227
1304	1.7071e-06	0.886228
1305	5.92608e-07	0.886226
1306	5.91701e-07	0.886227
1307	5.90797e-07	0.886227
1308	1.74048e-07	0.886228
1309	1.7005e-06	0.886228
1310	5.90424e-07	0.886226
1311	5.89524e-07	0.886227
1312	5.88626e-07	0.886227
1313	5.8773e-07	0.886228
1314	1.7362e-07	0.886228
1315	1.73356e-07	0.886228
1316	1.73093e-07	0.886228
1317	1.7283e-07	0.886228
1318	5.85582e-07	0.886228
1319	1.68803e-06	0.886228
1320	5.8553e-07	0.886227
1321	5.84644e-07	0.886227
1322	1.72098e-07	0.886228
1323	5.83449e-07	0.886228
1324	9.26865e-07	0.886228
1325	1.7132e-07	0.886227
1326	1.71061e-07	0.886227
1327	5.82208e-07	0.886227
1328	5.81332e-07	0.886227
1329	9.23301e-07	0.886228
1330	1.70599e-07	0.886227
1331	1.70343e-07	0.886227
1332	5.801e-07	0.886227
1333	5.7923e-07	0.886227
1334	9.19765e-07	0.886228
1335	1.69885e-07	0.886227
1336	5.78312e-07	0.886227
1337	1.69936e-07	0.886227
1338	9.16508e-07	0.886227
1339	1.32367e-06	0.886226
1340	1.69733e-07	0.886228
1341	5.75676e-07	0.886227
1342	1.65899e-06	0.886228
1343	5.75626e-07	0.886226
1344	1.68725e-07	0.886227
1345	1.68474e-07	0.886227
1346	5.74167e-07	0.886227
1347	1.68525e-07	0.886227
1348	1.68275e-07	0.886227
1349	1.68026e-07	0.886227
1350	1.31261e-06	0.886227
1351	1.64791e-06	0.886228
1352	1.67281e-07	0.886226
1353	1.31007e-06	0.886226
1354	5.7013e-07	0.886227
1355	1.6431e-06	0.886228
1356	5.7008e-07	0.886226
1357	1.67136e-07	0.886227
1358	5.68945e-07	0.886227
1359	1.67186e-07	0.886227
1360	9.01694e-07	0.886227
1361	2.03649e-06	0.886226
1362	1.63488e-06	0.886228
1363	1.66207e-07	0.886227
1364	1.65963e-07	0.886227
1365	1.29841e-06	0.886226
1366	8.98078e-07	0.886228
1367	1.29622e-06	0.886227
1368	8.97056e-07	0.886228
1369	5.64107e-07	0.886227
1370	1.6611e-07	0.886228
1371	8.94731e-07	0.886228
1372	5.63236e-07	0.886227
1373	5.62417e-07	0.886227
1374	1.65674e-07	0.886228
1375	1.65433e-07	0.886228
1376	8.9141e-07	0.886227
1377	5.61263e-07	0.886227
1378	1.64714e-07	0.886227
1379	5.60162e-07	0.886227
1380	8.88875e-07	0.886228
1381	5.59589e-07	0.886227
1382	1.64286e-07	0.886227
1383	5.58495e-07	0.886227
1384	1.64333e-07	0.886228
1385	1.6071e-06	0.886227
1386	5.58162e-07	0.886226
1387	5.57357e-07	0.886226
1388	5.56555e-07	0.886227
1389	8.83095e-07	0.886228
1390	5.55989e-07	0.886227
1391	8.81591e-07	0.886227
1392	1.2733e-06	0.886226
1393	5.54113e-07	0.886228
1394	1.59722e-06	0.886228
1395	1.2704e-06	0.886227
1396	8.78879e-07	0.886228
1397	1.62314e-07	0.886227
1398	1.26751e-06	0.886227
1399	8.77157e-07	0.886228
1400	8.75905e-07	0.886227
1401	1.26514e-06	0.886226
1402	8.74934e-07	0.886228
1403	5.50814e-07	0.886227
1404	8.73458e-07	0.886227
1405	1.60978e-07	0.886226
1406	5.49983e-07	0.886226
1407	5.49202e-07	0.886227
1408	1.61301e-07	0.886227
1409	1.61072e-07	0.886227
1410	1.60844e-07	0.886227
1411	5.47599e-07	0.886227
1412	1.6089e-07	0.886227
1413	5.46551e-07	0.886227
1414	1.57436e-06	0.886228
1415	5.46505e-07	0.886226
1416	5.45734e-07	0.886227
1417	1.60254e-07	0.886227
1418	1.60028e-07	0.886227
1419	5.44422e-07	0.886227
1420	8.63804e-07	0.886227
1421	5.43881e-07	0.886227
1422	8.62365e-07	0.886227
1423	1.58906e-07	0.886226
1424	5.43071e-07	0.886226
1425	5.42309e-07	0.886227
1426	1.59221e-07	0.886227
1427	1.58998e-07	0.886227
1428	5.41014e-07	0.886227
1429	1.59043e-07	0.886227
1430	1.58821e-07	0.886227
1431	1.58599e-07	0.886227
1432	5.39459e-07	0.886227
1433	8.55994e-07	0.886227
1434	1.57936e-07	0.886227
1435	1.57716e-07	0.886226
1436	1.23429e-06	0.886226
1437	8.53656e-07	0.886228
1438	1.23231e-06	0.886227
1439	5.36156e-07	0.886228
1440	2.24044e-06	0.886228
1441	1.23008e-06	0.886226
1442	1.57631e-07	0.886227
1443	8.49934e-07	0.886227
1444	5.35326e-07	0.886226
1445	1.56978e-07	0.886227
1446	5.34324e-07	0.886227
1447	8.47629e-07	0.886227
1448	5.33803e-07	0.886227
1449	1.56588e-07	0.886227
1450	1.56373e-07	0.886227
1451	1.56157e-07	0.886227
1452	5.32289e-07	0.886227
1453	8.43959e-07	0.886227
1454	1.55514e-07	0.886226
1455	1.21833e-06	0.886226
1456	1.5603e-07	0.886227
1457	1.21593e-06	0.886227
1458	1.52734e-06	0.886228
1459	1.55389e-07	0.886227
1460	1.55176e-07	0.886227
1461	1.54964e-07	0.886227
1462	5.28775e-07	0.886226
1463	1.21111e-06	0.886227
1464	8.38322e-07	0.886228
1465	8.37179e-07	0.886227
1466	1.54374e-07	0.886226
1467	5.27035e-07	0.886226
1468	5.26318e-07	0.886227
1469	1.5467e-07	0.886227
1470	1.5446e-07	0.886227
1471	1.5425e-07	0.886227
1472	8.32927e-07	0.886227
1473	5.25055e-07	0.886226
1474	5.24343e-07	0.886227
1475	8.31381e-07	0.886227
1476	1.20089e-06	0.886226
1477	1.53916e-07	0.886227
1478	1.53708e-07	0.886227
1479	8.29176e-07	0.886227
1480	5.22383e-07	0.886226
1481	1.53086e-07	0.886227
1482	5.21429e-07	0.886227
1483	1.53128e-07	0.886227
1484	1.52922e-07	0.886227
1485	1.52716e-07	0.886227
1486	8.25006e-07	0.886227
1487	5.20189e-07	0.886226
1488	5.19491e-07	0.886226
1489	1.52348e-07	0.886227
1490	5.18548e-07	0.886227
1491	1.52389e-07	0.886227
1492	1.52185e-07	0.886227
1493	1.51981e-07	0.886227
1494	1.51778e-07	0.886227
1495	5.16874e-07	0.886227
1496	8.19821e-07	0.886227
1497	1.18394e-06	0.886226
1498	1.51859e-07	0.886228
1499	1.51657e-07	0.886227
1500	8.17677e-07	0.886227
1501	5.1497e-07	0.886227
1502	1.51052e-07	0.886227
1503	1.50851e-07	0.886227
1504	1.5065e-07	0.886227
1505	1.5045e-07	0.886227
1506	5.13319e-07	0.886226
1507	5.12639e-07	0.886227
1508	8.13422e-07	0.886227
1509	1.50093e-07	0.886227
1510	1.17373e-06	0.886226
1511	8.11947e-07	0.886228
1512	5.11003e-07	0.886227
1513	8.10676e-07	0.886227
1514	1.17059e-06	0.886227
1515	8.09844e-07	0.886228
1516	8.08776e-07	0.886227
1517	5.09813e-07	0.886226
1518	5.09142e-07	0.886227
1519	1.49423e-07	0.886227
1520	1.49227e-07	0.886227
1521	1.16503e-06	0.886227
1522	8.06296e-07	0.886228
1523	1.4907e-07	0.886227
1524	8.04613e-07	0.886227
1525	1.16237e-06	0.886226
1526	8.03793e-07	0.886227
1527	1.48291e-07	0.886227
1528	1.15995e-06	0.886226
1529	1.45595e-06	0.886228
1530	1.4771e-07	0.886226
1531	5.05224e-07	0.886226
1532	5.04565e-07	0.886227
1533	7.99873e-07	0.886227
1534	5.041e-07	0.886226
1535	7.98639e-07	0.886227
1536	5.03636e-07	0.886226
1537	1.15318e-06	0.886226
1538	7.9764e-07	0.886228
1539	1.47254e-07	0.886227
1540	5.01867e-07	0.886227
1541	1.47293e-07	0.886227
1542	5.00986e-07	0.886227
1543	1.47331e-07	0.886227
1544	1.4714e-07	0.886227
1545	1.4695e-07	0.886227
1546	4.99653e-07	0.886227
1547	7.92983e-07	0.886228
1548	4.99197e-07	0.886227
1549	7.9177e-07	0.886227
1550	1.14349e-06	0.886226
1551	7.90976e-07	0.886228
1552	1.46043e-07	0.886227
1553	1.45855e-07	0.886227
1554	1.45667e-07	0.886227
1555	4.97194e-07	0.886226
1556	1.45706e-07	0.886227
1557	1.45519e-07	0.886227
1558	4.96105e-07	0.886227
1559	7.86582e-07	0.886227
1560	4.95655e-07	0.886226
1561	1.45184e-07	0.886227
1562	1.44998e-07	0.886227
1563	4.94573e-07	0.886226
1564	1.45036e-07	0.886227
1565	7.83421e-07	0.886227
1566	1.13207e-06	0.886226
1567	1.44889e-07	0.886227
1568	1.44704e-07	0.886227
1569	1.4452e-07	0.886227
1570	4.92201e-07	0.886227
1571	7.80689e-07	0.886227
1572	4.91759e-07	0.886226
1573	1.4419e-07	0.886227
1574	1.44007e-07	0.886227
1575	1.12521e-06	0.886227
1576	4.89669e-07	0.886228
1577	7.78379e-07	0.886228
1578	1.44081e-07	0.886228
1579	1.43898e-07	0.886227
1580	4.88795e-07	0.886227
1581	7.76046e-07	0.886228
1582	4.88359e-07	0.886227
1583	1.43571e-07	0.886227
1584	4.87525e-07	0.886227
1585	1.43607e-07	0.886228
1586	4.86694e-07	0.886228
1587	1.40309e-06	0.886228
1588	4.86658e-07	0.886227
1589	1.42885e-07	0.886227
1590	7.71241e-07	0.886227
1591	1.74229e-06	0.886226
1592	7.70882e-07	0.886228
1593	1.42562e-07	0.886227
1594	1.42383e-07	0.886227
1595	4.84361e-07	0.886227
1596	1.42419e-07	0.886227
1597	4.83541e-07	0.886227
1598	7.67845e-07	0.886228
1599	7.66886e-07	0.886227
1600	1.1079e-06	0.886226
1601	1.41921e-07	0.886227
1602	4.82086e-07	0.886227
1603	7.65398e-07	0.886228
1604	4.81662e-07	0.886227
1605	1.41603e-07	0.886227
1606	7.63704e-07	0.886227
1607	4.81027e-07	0.886227
1608	1.41075e-07	0.886227
1609	4.80218e-07	0.886227
1610	4.79622e-07	0.886227
1611	7.61668e-07	0.886228
1612	7.60724e-07	0.886227
1613	1.09896e-06	0.886226
1614	1.40796e-07	0.886227
1615	1.40622e-07	0.886227
1616	1.40448e-07	0.886227
1617	1.40274e-07	0.886227
1618	1.09523e-06	0.886227
1619	1.37526e-06	0.886228
1620	4.77148e-07	0.886227
1621	1.39963e-07	0.886227
1622	4.76352e-07	0.886227
1623	7.55762e-07	0.886227
1624	1.39447e-07	0.886227
1625	1.09074e-06	0.886226
1626	7.54488e-07	0.886228
1627	4.7494e-07	0.886227
1628	7.5339e-07	0.886227
1629	1.38969e-07	0.886227
1630	4.74322e-07	0.886226
1631	4.73741e-07	0.886227
1632	7.51579e-07	0.886227
1633	4.73331e-07	0.886227
1634	4.72752e-07	0.886227
1635	7.5032e-07	0.886228
1636	1.38529e-07	0.886227
1637	1.3836e-07	0.886227
1638	1.69219e-06	0.886226
1639	7.48895e-07	0.886228
1640	1.38598e-07	0.886227
1641	1.38429e-07	0.886227
1642	1.3826e-07	0.886227
1643	1.38092e-07	0.886227
1644	4.69978e-07	0.886227
1645	1.38126e-07	0.886227
1646	1.37958e-07	0.886227
1647	4.69005e-07	0.886227
1648	1.37992e-07	0.886228
1649	7.43885e-07	0.886227
1650	4.68403e-07	0.886227
1651	7.42818e-07	0.886227
1652	4.68002e-07	0.886226
1653	1.37159e-07	0.886227
1654	4.67237e-07	0.886227
1655	4.66673e-07	0.886227
1656	1.37391e-07	0.886228
1657	7.40362e-07	0.886228
1658	4.66076e-07	0.886227
1659	7.39304e-07	0.886227
1660	1.36367e-07	0.886227
1661	4.65482e-07	0.886226
1662	4.64922e-07	0.886227
1663	7.3756e-07	0.886227
1664	4.64527e-07	0.886227
1665	1.06421e-06	0.886227
1666	1.33659e-06	0.886228
1667	1.35944e-07	0.886227
1668	4.6338e-07	0.886227
1669	7.3478e-07	0.886227
1670	1.65988e-06	0.886226
1671	1.36368e-07	0.886228
1672	7.33934e-07	0.886228
1673	1.35685e-07	0.886227
1674	4.61492e-07	0.886227
1675	7.32376e-07	0.886227
1676	4.61103e-07	0.886227
1677	1.35394e-07	0.886227
1678	1.35233e-07	0.886227
1679	4.60166e-07	0.886227
1680	1.35265e-07	0.886227
1681	7.29635e-07	0.886227
1682	1.05376e-06	0.886227
1683	7.28961e-07	0.886228
1684	1.34624e-07	0.886227
1685	4.58656e-07	0.886227
1686	7.27424e-07	0.886227
1687	4.58272e-07	0.886226
1688	7.26404e-07	0.886227
1689	4.57888e-07	0.886226
1690	1.04871e-06	0.886227
1691	1.31659e-06	0.886228
1692	4.56964e-07	0.886226
1693	1.33894e-07	0.886227
1694	1.33736e-07	0.886227
1695	4.56044e-07	0.886227
1696	4.55507e-07	0.886227
1697	4.5497e-07	0.886227
1698	1.89989e-06	0.886228
1699	1.04352e-06	0.886226
1700	1.04229e-06	0.886227
1701	7.21564e-07	0.886228
1702	7.20716e-07	0.886227
1703	4.53839e-07	0.886227
1704	1.33204e-07	0.886227
1705	1.33048e-07	0.886227
1706	1.32892e-07	0.886227
1707	1.32736e-07	0.886227
1708	4.52557e-07	0.886227
1709	1.32768e-07	0.886227
1710	4.51841e-07	0.886227
1711	4.51313e-07	0.886227
1712	7.16756e-07	0.886228
1713	7.1592e-07	0.886227
1714	1.03419e-06	0.886226
1715	1.32521e-07	0.886227
1716	1.32366e-07	0.886227
1717	1.32212e-07	0.886227
1718	4.49675e-07	0.886227
1719	1.32243e-07	0.886227
1720	7.13147e-07	0.886227
1721	4.49122e-07	0.886227
1722	7.12166e-07	0.886227
1723	4.48753e-07	0.886226
1724	1.02794e-06	0.886227
1725	7.11371e-07	0.886228
1726	1.31508e-07	0.886227
1727	4.47348e-07	0.886227
1728	7.09908e-07	0.886227
1729	4.46982e-07	0.886227
1730	7.08936e-07	0.886227
1731	1.3075e-07	0.886226
1732	4.46435e-07	0.886226
1733	4.4592e-07	0.886227
1734	7.07332e-07	0.886227
1735	7.06517e-07	0.886227
1736	1.59712e-06	0.886226
1737	7.06216e-07	0.886227
1738	1.01973e-06	0.886227
1739	1.2803e-06	0.886228
1740	1.30061e-07	0.886226
1741	4.44141e-07	0.886226
1742	1.30092e-07	0.886227
1743	4.43451e-07	0.886227
1744	1.27625e-06	0.886227
1745	1.01616e-06	0.886226
1746	1.29825e-07	0.886227
1747	4.42406e-07	0.886227
1748	1.29855e-07	0.886227
1749	4.41722e-07	0.886227
1750	1.29885e-07	0.886227
1751	1.29737e-07	0.886227
1752	7.00039e-07	0.886227
1753	4.4101e-07	0.886226
1754	1.29293e-07	0.886227
1755	1.29146e-07	0.886227
1756	1.28999e-07	0.886227
1757	1.0088e-06	0.886227
1758	6.97857e-07	0.886228
1759	1.28883e-07	0.886227
1760	4.39123e-07	0.886227
1761	1.28912e-07	0.886227
1762	1.28766e-07	0.886227
1763	1.2862e-07	0.886227
1764	4.38098e-07	0.886227
1765	4.37602e-07	0.886227
1766	6.94756e-07	0.886228
1767	6.9397e-07	0.886227
1768	1.00269e-06	0.886226
1769	6.9336e-07	0.886227
1770	4.36729e-07	0.886227
1771	4.36236e-07	0.886227
1772	1.28272e-07	0.886227
1773	1.28128e-07	0.886227
1774	1.27983e-07	0.886227
1775	1.27839e-07	0.886227
1776	4.35051e-07	0.886227
1777	1.25273e-06	0.886227
1778	4.35022e-07	0.886226
1779	4.34533e-07	0.886227
1780	4.34045e-07	0.886227
1781	1.2761e-07	0.886227
1782	1.27466e-07	0.886227
1783	1.27324e-07	0.886227
1784	1.27181e-07	0.886227
1785	4.32872e-07	0.886227
1786	6.86807e-07	0.886227
1787	9.91814e-07	0.886227
1788	1.24518e-06	0.886228
1789	4.32188e-07	0.886226
1790	6.84989e-07	0.886227
1791	9.89882e-07	0.886226
1792	4.31054e-07	0.886227
1793	6.84254e-07	0.886228
1794	4.30715e-07	0.886227
1795	1.26558e-07	0.886227
1796	1.26417e-07	0.886227
1797	1.26276e-07	0.886227
1798	4.29728e-07	0.886227
1799	4.29251e-07	0.886227
1800	6.8172e-07	0.886228
1801	1.26024e-07	0.886227
1802	4.28747e-07	0.886227
1803	1.2347e-06	0.886227
1804	4.28718e-07	0.886226
1805	4.28243e-07	0.886227
1806	1.25634e-07	0.886227
1807	1.25495e-07	0.886227
1808	4.27435e-07	0.886227
1809	1.25523e-07	0.886227
1810	1.25385e-07	0.886227
1811	1.25246e-07	0.886227
1812	4.26464e-07	0.886227
1813	1.25274e-07	0.886227
1814	1.25136e-07	0.886227
1815	1.24998e-07	0.886227
1816	1.22558e-06	0.886227
1817	9.75992e-07	0.886226
1818	4.25166e-07	0.886227
1819	1.24752e-07	0.886227
1820	6.73763e-07	0.886227
1821	9.73518e-07	0.886226
1822	4.23904e-07	0.886227
1823	1.2213e-06	0.886228
1824	9.71822e-07	0.886226
1825	6.72178e-07	0.886227
1826	1.24097e-07	0.886227
1827	1.23961e-07	0.886227
1828	1.23826e-07	0.886226
1829	1.2369e-07	0.886226
1830	4.22594e-07	0.886226
1831	9.67985e-07	0.886227
1832	6.69733e-07	0.886228
1833	6.69002e-07	0.886227
1834	9.66604e-07	0.886226
1835	6.68436e-07	0.886227
1836	1.23342e-07	0.886227
1837	1.509e-06	0.886226
1838	6.67735e-07	0.886228
1839	4.19947e-07	0.886227
1840	6.66875e-07	0.886228
1841	9.62513e-07	0.886227
1842	1.23718e-07	0.886228
1843	6.65884e-07	0.886228
1844	4.18849e-07	0.886227
1845	1.20674e-06	0.886228
1846	4.18822e-07	0.886226
1847	4.18369e-07	0.886227
1848	1.22917e-07	0.886227
1849	6.63324e-07	0.886227
1850	1.22359e-07	0.886226
1851	9.57687e-07	0.886226
1852	4.16988e-07	0.886227
1853	1.22836e-07	0.886228
1854	6.61788e-07	0.886228
1855	9.55305e-07	0.886227
1856	1.19974e-06	0.886228
1857	4.16195e-07	0.886227
1858	4.15747e-07	0.886227
1859	1.22334e-07	0.886228
1860	6.59548e-07	0.886227
1861	4.15274e-07	0.886227
1862	1.2194e-07	0.886227
1863	4.14671e-07	0.886227
1864	6.5816e-07	0.886227
1865	4.14357e-07	0.886227
1866	4.13913e-07	0.886227
1867	1.21862e-07	0.886228
1868	4.13314e-07	0.886228
1869	6.56647e-07	0.886228
1870	1.21471e-07	0.886227
1871	9.47035e-07	0.886227
1872	1.18959e-06	0.886228
1873	1.21083e-07	0.886227
1874	9.45713e-07	0.886227
1875	1.21393e-07	0.886228
1876	1.18679e-06	0.886228
1877	9.44396e-07	0.886226
1878	6.53204e-07	0.886227
1879	4.11321e-07	0.886227
1880	1.20748e-07	0.886227
1881	1.2062e-07	0.886227
1882	9.41643e-07	0.886227
1883	1.71328e-06	0.886228
1884	1.47156e-06	0.886226
1885	6.50894e-07	0.886228
1886	1.20262e-07	0.886227
1887	4.09526e-07	0.886227
1888	6.49669e-07	0.886227
1889	4.0922e-07	0.886227
1890	4.08787e-07	0.886227
1891	1.20187e-07	0.886227
1892	1.2006e-07	0.886227
1893	6.47916e-07	0.886227
1894	4.08177e-07	0.886227
1895	4.07746e-07	0.886227
1896	6.4698e-07	0.886227
1897	4.07443e-07	0.886227
1898	1.19579e-07	0.886227
1899	4.06862e-07	0.886227
1900	6.45644e-07	0.886227
1901	4.0656e-07	0.886227
1902	6.44839e-07	0.886227
1903	4.06258e-07	0.886226
1904	1.19103e-07	0.886227
1905	1.18978e-07	0.886227
1906	1.18853e-07	0.886227
1907	4.05381e-07	0.886227
1908	4.04956e-07	0.886227
1909	1.19028e-07	0.886227
1910	1.18904e-07	0.886227
1911	4.04233e-07	0.886227
1912	6.41668e-07	0.886228
1913	4.03935e-07	0.886227
1914	1.1868e-07	0.886227
1915	4.03364e-07	0.886227
1916	1.18705e-07	0.886228
1917	6.39958e-07	0.886227
1918	4.02919e-07	0.886227
1919	6.39168e-07	0.886227
1920	9.23185e-07	0.886227
1921	1.18359e-07	0.886227
1922	6.38257e-07	0.886227
1923	4.01908e-07	0.886227
1924	1.1799e-07	0.886227
1925	4.01343e-07	0.886227
1926	1.18015e-07	0.886227
1927	6.36564e-07	0.886227
1928	6.35904e-07	0.886227
1929	1.43729e-06	0.886226
1930	6.35661e-07	0.886227
1931	4.00194e-07	0.886227
1932	6.34881e-07	0.886227
1933	3.99901e-07	0.886227
1934	1.17308e-07	0.886227
1935	6.33716e-07	0.886227
1936	3.99463e-07	0.886226
1937	3.99051e-07	0.886227
1938	1.1709e-07	0.886227
1939	1.1697e-07	0.886227
1940	3.98349e-07	0.886227
1941	3.97939e-07	0.886227
1942	1.17139e-07	0.886228
1943	6.31421e-07	0.886227
1944	1.16633e-07	0.886227
1945	1.14426e-06	0.886227
1946	9.11355e-07	0.886226
1947	9.1042e-07	0.886227
1948	1.16682e-07	0.886227
1949	6.29383e-07	0.886227
1950	3.96378e-07	0.886227
1951	3.95972e-07	0.886227
1952	6.28499e-07	0.886227
1953	1.16085e-07	0.886227
1954	3.95542e-07	0.886227
1955	9.06385e-07	0.886227
1956	1.16513e-07	0.886228
1957	6.27119e-07	0.886228
1958	1.13694e-06	0.886227
1959	1.41524e-06	0.886226
1960	6.25982e-07	0.886228
1961	3.94024e-07	0.886227
1962	3.93622e-07	0.886227
1963	1.13427e-06	0.886228
1964	1.15307e-07	0.886227
1965	3.93457e-07	0.886226
1966	9.01446e-07	0.886227
1967	1.15731e-07	0.886228
1968	6.23485e-07	0.886228
1969	8.9999e-07	0.886227
1970	6.22993e-07	0.886228
1971	6.22361e-07	0.886227
1972	1.14888e-07	0.886227
1973	3.91814e-07	0.886227
1974	1.14912e-07	0.886227
1975	3.91278e-07	0.886227
1976	1.14935e-07	0.886227
1977	3.90742e-07	0.886227
1978	6.20264e-07	0.886228
1979	6.19638e-07	0.886227
1980	8.95375e-07	0.886226
1981	1.1461e-07	0.886227
1982	3.89792e-07	0.886227
1983	3.89399e-07	0.886227
1984	6.1855e-07	0.886228
1985	1.14403e-07	0.886227
1986	1.14288e-07	0.886227
1987	8.91864e-07	0.886227
1988	1.12009e-06	0.886228
1989	8.91082e-07	0.886227
1990	1.14334e-07	0.886228
1991	6.16227e-07	0.886228
1992	1.13852e-07	0.886227
1993	1.13738e-07	0.886227
1994	3.87629e-07	0.886227
1995	3.87241e-07	0.886227
1996	1.13898e-07	0.886227
1997	6.14285e-07	0.886227
1998	1.1342e-07	0.886227
1999	3.86693e-07	0.886227
2000	1.38581e-06	0.886227
2001	6.13579e-07	0.886228
2002	1.13716e-07	0.886228
2003	6.12604e-07	0.886228
2004	1.1324e-07	0.886227
2005	3.85378e-07	0.886227
2006	6.11519e-07	0.886227
2007	8.83114e-07	0.886227
2008	1.10881e-06	0.886228
2009	3.84835e-07	0.886226
2010	3.84453e-07	0.886227
2011	6.09965e-07	0.886227
2012	8.80954e-07	0.886227
2013	1.1297e-07	0.886228
2014	6.09136e-07	0.886227
2015	1.125e-07	0.886227
2016	8.79184e-07	0.886227
2017	1.10385e-06	0.886228
2018	8.78424e-07	0.886226
2019	1.10264e-06	0.886227
2020	8.77666e-07	0.886226
2021	1.12322e-07	0.886227
2022	1.12211e-07	0.886227
2023	3.81971e-07	0.886227
2024	6.06061e-07	0.886227
2025	3.81705e-07	0.886227
2026	3.81328e-07	0.886227
2027	6.05241e-07	0.886227
2028	1.11791e-07	0.886227
2029	1.11681e-07	0.886227
2030	3.80797e-07	0.886227
2031	1.11704e-07	0.886227
2032	6.03478e-07	0.886227
2033	3.804e-07	0.886226
2034	3.80026e-07	0.886227
2035	6.02666e-07	0.886227
2036	8.7068e-07	0.886226
2037	1.11528e-07	0.886227
2038	3.79017e-07	0.886227
2039	6.01746e-07	0.886228
2040	1.11201e-07	0.886227
2041	1.11092e-07	0.886227
2042	3.78493e-07	0.886227
2043	6.00351e-07	0.886227
2044	3.78231e-07	0.886227
2045	1.10897e-07	0.886227
2046	1.10788e-07	0.886227
2047	1.1068e-07	0.886227
2048	3.77471e-07	0.886227
2049	1.10702e-07	0.886227
2050	3.76973e-07	0.886227
2051	1.10724e-07	0.886227
2052	1.10616e-07	0.886227
2053	5.97364e-07	0.886227
2054	8.63072e-07	0.886226
2055	5.96912e-07	0.886227
2056	5.96331e-07	0.886227
2057	1.09843e-07	0.886226
2058	1.34728e-06	0.886226
2059	1.10337e-07	0.886227
2060	1.1023e-07	0.886227
2061	5.95089e-07	0.886227
2062	1.09781e-07	0.886226
2063	8.59317e-07	0.886226
2064	1.07856e-06	0.886227
2065	8.58591e-07	0.886226
2066	5.93618e-07	0.886227
2067	8.57633e-07	0.886226
2068	1.09847e-07	0.886227
2069	1.09741e-07	0.886227
2070	5.92493e-07	0.886227
2071	3.7333e-07	0.886226
2072	3.7297e-07	0.886227
2073	1.0955e-07	0.886227
2074	5.91372e-07	0.886227
2075	8.54284e-07	0.886227
2076	5.90929e-07	0.886227
2077	1.09129e-07	0.886227
2078	1.09024e-07	0.886227
2079	1.08919e-07	0.886227
2080	3.71724e-07	0.886226
2081	1.0894e-07	0.886227
2082	5.88913e-07	0.886227
2083	3.71345e-07	0.886226
2084	1.08627e-07	0.886226
2085	3.70863e-07	0.886226
2086	3.70508e-07	0.886227
2087	1.08774e-07	0.886227
2088	1.0867e-07	0.886227
2089	1.0655e-06	0.886227
2090	1.80496e-06	0.886226
2091	5.86827e-07	0.886228
2092	1.08483e-07	0.886227
2093	1.0838e-07	0.886227
2094	3.69051e-07	0.886227
2095	3.68699e-07	0.886227
2096	5.85396e-07	0.886228
2097	1.08194e-07	0.886227
2098	3.68326e-07	0.886227
2099	3.67976e-07	0.886227
2100	1.06027e-06	0.886228
2101	3.67955e-07	0.886227
2102	3.67605e-07	0.886227
2103	8.42541e-07	0.886227
2104	5.83438e-07	0.886228
2105	5.82884e-07	0.886228
2106	3.66886e-07	0.886227
2107	1.07845e-07	0.886227
2108	5.81901e-07	0.886227
2109	8.40451e-07	0.886227
2110	1.07763e-07	0.886227
2111	1.07661e-07	0.886227
2112	1.05408e-06	0.886227
2113	3.66027e-07	0.886226
2114	3.65681e-07	0.886227
2115	3.65335e-07	0.886227
2116	1.07376e-07	0.886227
2117	1.07275e-07	0.886227
2118	8.36668e-07	0.886227
2119	5.79216e-07	0.886228
2120	1.07194e-07	0.886227
2121	3.64161e-07	0.886227
2122	1.07214e-07	0.886228
2123	5.77923e-07	0.886228
2124	3.63797e-07	0.886227
2125	3.63455e-07	0.886227
2126	5.77178e-07	0.886228
2127	1.06711e-07	0.886227
2128	3.63094e-07	0.886227
2129	1.06731e-07	0.886227
2130	3.62633e-07	0.886227
2131	3.62292e-07	0.886228
2132	1.04452e-06	0.886228
2133	1.06331e-07	0.886227
2134	1.06231e-07	0.886227
2135	3.62033e-07	0.886227
2136	1.06252e-07	0.886227
2137	1.06152e-07	0.886227
2138	1.06053e-07	0.886227
2139	1.29592e-06	0.886227
2140	5.73581e-07	0.886228
2141	1.0399e-06	0.886227
2142	1.05657e-07	0.886226
2143	3.60859e-07	0.886226
2144	8.26723e-07	0.886227
2145	1.06014e-07	0.886228
2146	3.59851e-07	0.886227
2147	5.71583e-07	0.886228
2148	3.59615e-07	0.886227
2149	5.70952e-07	0.886228
2150	1.05521e-07	0.886227
2151	1.05423e-07	0.886227
2152	8.23611e-07	0.886227
2153	1.03416e-06	0.886228
2154	1.28698e-06	0.886227
2155	1.03332e-06	0.886228
2156	1.0515e-07	0.886227
2157	3.58339e-07	0.886227
2158	5.68347e-07	0.886227
2159	8.21068e-07	0.886226
2160	1.0519e-07	0.886227
2161	5.67627e-07	0.886227
2162	1.04781e-07	0.886227
2163	8.1953e-07	0.886227
2164	1.05015e-07	0.886227
2165	5.66598e-07	0.886227
2166	3.5686e-07	0.886227
2167	1.04724e-07	0.886227
2168	5.6567e-07	0.886227
2169	3.56511e-07	0.886226
2170	8.168e-07	0.886227
2171	5.65168e-07	0.886228
2172	5.64648e-07	0.886227
2173	8.15816e-07	0.886226
2174	1.04474e-07	0.886227
2175	1.04378e-07	0.886227
2176	5.6363e-07	0.886227
2177	3.55161e-07	0.886226
2178	8.13762e-07	0.886227
2179	5.63132e-07	0.886228
2180	5.62615e-07	0.886227
2181	3.54491e-07	0.886227
2182	1.03919e-07	0.886227
2183	1.03824e-07	0.886227
2184	3.53937e-07	0.886227
2185	1.03844e-07	0.886227
2186	3.53499e-07	0.886227
2187	1.03863e-07	0.886227
2188	1.03768e-07	0.886227
2189	3.52948e-07	0.886227
2190	3.52626e-07	0.886227
2191	5.60105e-07	0.886228
2192	3.52399e-07	0.886227
2193	1.01529e-06	0.886228
2194	1.03201e-07	0.886227
2195	1.26301e-06	0.886226
2196	3.51531e-07	0.886228
2197	1.01367e-06	0.886228
2198	3.51512e-07	0.886227
2199	5.57898e-07	0.886227
2200	5.57391e-07	0.886227
2201	3.5138e-07	0.886226
2202	1.02865e-07	0.886227
2203	8.04669e-07	0.886227
2204	3.50425e-07	0.886227
2205	5.56512e-07	0.886228
2206	1.02903e-07	0.886227
2207	1.0281e-07	0.886227
2208	1.02717e-07	0.886227
2209	1.02624e-07	0.886227
2210	3.49753e-07	0.886227
2211	3.49436e-07	0.886227
2212	5.5463e-07	0.886227
2213	3.49213e-07	0.886227
2214	3.48898e-07	0.886227
2215	1.00521e-06	0.886228
2216	3.48879e-07	0.886227
2217	1.02292e-07	0.886227
2218	3.48454e-07	0.886227
2219	1.02311e-07	0.886227
2220	1.02218e-07	0.886227
2221	5.52171e-07	0.886227
2222	1.01832e-07	0.886226
2223	3.479e-07	0.886226
2224	3.47587e-07	0.886227
2225	5.51198e-07	0.886227
2226	7.96401e-07	0.886226
2227	7.95686e-07	0.886227
2228	9.99555e-07	0.886228
2229	1.24349e-06	0.886227
2230	9.98768e-07	0.886228
2231	1.01816e-07	0.886227
2232	3.46104e-07	0.886227
2233	5.49461e-07	0.886227
2234	1.01542e-07	0.886227
2235	3.45776e-07	0.886227
2236	1.01561e-07	0.886227
2237	5.48298e-07	0.886227
2238	7.92076e-07	0.886227
2239	5.47917e-07	0.886227
2240	7.9126e-07	0.886227
2241	9.93567e-07	0.886228
2242	1.23648e-06	0.886227
2243	9.9279e-07	0.886228
2244	3.44398e-07	0.886227
2245	3.44091e-07	0.886227
2246	1.01253e-07	0.886228
2247	5.46003e-07	0.886227
2248	1.00875e-07	0.886227
2249	1.23255e-06	0.886227
2250	1.87828e-06	0.886228
2251	7.8769e-07	0.886226
2252	3.43138e-07	0.886227
2253	5.44478e-07	0.886227
2254	1.00536e-07	0.886227
2255	1.00447e-07	0.886227
2256	7.85774e-07	0.886227
2257	1.00661e-07	0.886227
2258	3.42102e-07	0.886227
2259	9.85635e-07	0.886228
2260	7.84366e-07	0.886227
2261	5.42588e-07	0.886227
2262	1.00217e-07	0.886227
2263	1.66666e-06	0.886227
2264	9.83822e-07	0.886228
2265	1.00341e-07	0.886227
2266	9.82476e-07	0.886227
2267	7.82059e-07	0.886226
2268	3.40647e-07	0.886227
2269	5.40711e-07	0.886227
2270	9.98997e-08	0.886227
2271	9.98118e-08	0.886227
2272	7.8017e-07	0.886227
2273	9.79531e-07	0.886227
2274	3.40012e-07	0.886226
2275	3.39713e-07	0.886227
2276	9.97597e-08	0.886227
2277	5.38654e-07	0.886227
2278	3.39397e-07	0.886227
2279	7.77696e-07	0.886227
2280	3.3861e-07	0.886228
2281	5.38111e-07	0.886228
2282	9.96198e-08	0.886227
2283	9.95326e-08	0.886227
2284	5.37082e-07	0.886227
2285	7.75724e-07	0.886227
2286	5.36717e-07	0.886227
2287	3.37878e-07	0.886227
2288	9.92891e-08	0.886227
2289	3.37479e-07	0.886227
2290	5.35797e-07	0.886228
2291	9.90293e-08	0.886227
2292	9.89429e-08	0.886227
2293	9.88566e-08	0.886227
2294	5.345e-07	0.886227
2295	7.72585e-07	0.886226
2296	3.36562e-07	0.886227
2297	9.69214e-07	0.886227
2298	3.36545e-07	0.886226
2299	1.20582e-06	0.886227
2300	9.68199e-07	0.886228
2301	5.32953e-07	0.886227
2302	7.70159e-07	0.886226
2303	5.32593e-07	0.886227
2304	3.35548e-07	0.886227
2305	3.35257e-07	0.886227
2306	9.84973e-08	0.886227
2307	5.31688e-07	0.886227
2308	9.81391e-08	0.886227
2309	7.67747e-07	0.886227
2310	9.83439e-08	0.886227
2311	9.63311e-07	0.886227
2312	1.19922e-06	0.886226
2313	9.82758e-08	0.886227
2314	3.33775e-07	0.886227
2315	5.30072e-07	0.886228
2316	3.33571e-07	0.886227
2317	9.81231e-08	0.886227
2318	5.29259e-07	0.886227
2319	9.77681e-08	0.886227
2320	9.76838e-08	0.886227
2321	7.63727e-07	0.886227
2322	9.78864e-08	0.886227
2323	5.28095e-07	0.886227
2324	9.57748e-07	0.886227
2325	1.19269e-06	0.886226
2326	9.57026e-07	0.886227
2327	3.32456e-07	0.886226
2328	9.71982e-08	0.886226
2329	7.61254e-07	0.886226
2330	9.73997e-08	0.886227
2331	7.60317e-07	0.886227
2332	9.54866e-07	0.886228
2333	9.71494e-08	0.886227
2334	3.31199e-07	0.886227
2335	9.71664e-08	0.886227
2336	3.30816e-07	0.886227
2337	9.71832e-08	0.886227
2338	3.30433e-07	0.886227
2339	9.51901e-07	0.886227
2340	5.2392e-07	0.886226
2341	1.61146e-06	0.886226
2342	5.23937e-07	0.886228
2343	3.29753e-07	0.886227
2344	5.23407e-07	0.886227
2345	3.29554e-07	0.886227
2346	9.48954e-07	0.886227
2347	7.55432e-07	0.886226
2348	9.66376e-08	0.886227
2349	5.22087e-07	0.886227
2350	3.29059e-07	0.886226
2351	5.21561e-07	0.886227
2352	3.28861e-07	0.886226
2353	5.21036e-07	0.886227
2354	1.60255e-06	0.886226
2355	3.27843e-07	0.886228
2356	9.67029e-08	0.886228
2357	5.20709e-07	0.886228
2358	9.63592e-08	0.886227
2359	9.62775e-08	0.886227
2360	9.6196e-08	0.886227
2361	5.19485e-07	0.886227
2362	7.50528e-07	0.886227
2363	3.26881e-07	0.886227
2364	5.19061e-07	0.886228
2365	3.26686e-07	0.886227
2366	9.60659e-08	0.886227
2367	5.18282e-07	0.886227
2368	9.57255e-08	0.886227
2369	3.26296e-07	0.886227
